ID	LOTTERY_TYPE	LOTTERY_RESULT	LOTTERY_TIME	GOLD_PRICE	DIAMOND_PRICE	TICKET	ACTIVITY_PRICE									
18001001 	1	17002005,100;17002006,15;17002007,5	1	50000			0.9									
18002001 	2	17002008,100;17002009,15;17002010,5	10	450000			0.9									
18003001 	3	17002011,100;17002012,15;17002013,5	1		220		0.9									
18004001 	4	17002014,100;17002015,15;17002016,5	10		1980		0.9									
18005001 	5	17003005,100;17003006,20;17003007,5	1	100000			0.9									
18006001 	6	17003008,100;17003009,30;17003010,15	1		220		0.9									
18007001 	7	17003002,100;17003003,15;17003004,15	10		1980		0.9									
18008001 	8	17003001,100;17003002,15;17003003,5	1			15053000,9										
18009001 	9	17002001,100;17002002,15;17002003,5	1			15054000,9										
